20080481
20087738
20130657
20129063
20126274
20134293
20136719
20136806
20130830
20138057
20137295
20138923
20139265
20139312
20139115
20137666
20140572
20140184
20142058
20143841
20144112
20143762
20143614
20143499
20145860
20145852
20145743
20145738
20145754
20145745
20145742
20147685
20143783
20143727
20147871
20147685
20148271
20149711
20145732
20151235
20152426
20152555
20153050
20154596
20156325
20156707
20158902
20160535
20160921
20137475
20168614
20167467
20169497
20169418
20169461
20175537
20169192
20175141
20178371
20167409
20167101
19881730
20183805
20181674
20186761
20187135
20185321
20186543
20186400
20183234
20186342
20188171
20195056
20195639
20194471
20194628
20194517
20194324
20192331



